999999999999999999999999999999999999999999999999999999999999999999999999999999999999999999999999999999
901976534567899876795459879789212456899014976542124556897678998789999796532468921235698764678992123469
999895423498999865789599765578901345998923989432012346789567894679898679321357890123987643456789234569
986799312989997654598987654459212479876894598654323458893458923998765468990138941234599765697996345779
965678954979987643457895432398954567975359679765454678912349899898654345989549932489699876789995457989
984568979865399752345689553987899679982128995976765789103956789799964239878957893567986987999976567899
973578997656249873569799679976788998763237954987897899299899899689892198767899987679865698999988678999
964799986540129984878998798864567999854345893498998978988798997578789298656999898789874619398798789899
979898765321298765989679987543478998765456792999659459775697984365691976543898769899863201298659897789
989959876442349986794598999754569439876567989896543269654976564244592987965789656998754312349799985689
994249876543467897893487899865678923987679878789432198769898432123489998876798735799875493456989764579
953135987895569998932456799876799212998996566678943989898789643012378999989954321235976989969876653769
921024598989678989876567999987899929899989434567894978989578963243567894497895210123989879899765542459
932134569979989678998789789698997899789974323478999867875456975344588912346899421237899768798764321569
943235698768997567999895699569876987669864215667899956312347899476699101237998934545698953669999430189
954445679856795347899913498999965696459773101456798643201234568989789543945697899656987892459878942369
965659798745993235678901987989894597598643212367999984323356799999897969899986797969876791239767893459
989898987656789013789329875678689698987654623478998765434798956953956898798765345998765689994358994569
999987198767893234896498764764578909499765744567899876875689969899878999654321234899853899876459987679
929876249898987545996569753243489912349896757788923998989789898789989999965420146789764989987578998989
912985456999998659879997642102356899467987767999995679999898797678999989878431247899985678999699999199
909876567899899869768897543213479998999899878988989989999976654567899876987644349999876899213999891019
913987778998741979756789654324567896789768989876868899898765563459998765499785567899989954399789769929
923498899999630989845689779497678945698657899975756797649864332357949899989896789978999865988678958899
994569921987421297996799898989799135987546578964347689920965201456931998778987892459999999876569546789
989679210986532456987899987678921029876532357891234567899893212387890989654598901298789986543478935579
978989434598547569998959876589432134987321267890125679998789324568969876543239912987655795432389123459
967998545987698678999543987696543245965432458999234568989698965779456987632126799875734987643695434679
956797676999899989998632398789657359876543767998997679877567976894349978531015987654323498784569765689
935689799878997699989431439898768967987657978957989797656459899953198765432134598985435569975678986799
923899989765986439875210123989979979998978989546879976542369788942019987653255789876567896986899987899
935678978954986567994321235678989989889999695434567898943997697992134598767367899989678965697999998949
976789767893297679879935446799999999769876543123989999759876545689245999878589989999899996789989899439
987992356999019898767897958899899886653989791034567899899995434578959876989699878945956989999878679329
998901239888923989656789769998698765432398989197678967999886513679398764598789769432034978998767568919
999212998767939878347799989987549896541987879989989249999775201799239843699896458943129867897653477999
975499879758998753245679999899659999659876767978992123987654214678998654589997867973249756789632356789
989989759869219654346789998788998998789865556568994044598754323489549865678998978964398645679421245799
993976545998998766458898897567897899892994343467989123469865456998432987899219989995989638789210234599
932989434987659878567956798476796789901986212345678954879876597897651098999101399989976549895424346789
990998945986543989678945999345334677999865323459989875792987679999532129998912399975497656986565477899
989897899997632198789623789210123456789875434567895986901298994598956299897893988768398767897676568969
976776798999721029897545695321334697890986585979994397894369432457897987656799876543249879998988679979
985645767899897434998956789435446789931298679989989298965456921345679999543999999767867989569999998989
964323458943986548999987896546656899432489789699878999876577890299898988994987639879978992356899887899
943214348992987767893598987658877998943569896536567898987678921988987567989799421999989899578999756789
952101236789298989954989798767989887899879965423458967898789549876686459876688932679997778989986545899
974912345790129999769875679878995766999998764315569654329999798765575398754567893467896568999987856999
989899556891298998978964567989543245989997654323699943210234987674321296543212399978943479129898987899
999798967932987667989893998997659459878999765454987894323449876543210987687329978999654568998769898999
987657999759876548998789899398798698767898998769876879936567987655341298795498767999895678997656749999
976545678999984323987657790199899987654567989878994567897679298766564349996569656899976989698743234789
986520899989986579898745689989998798767898977989987678989792139877678498789698545699987897549854125679
976435789978998698765434578979987659989959656793498799376989239988789976678987732378999976421954234569
986546899768798789887645989768996549591239878901999953264578998799899864568996321267899996549876895879
998697898657679898998757896556989698432348999899876542153459897689999653457985432345678987679987896789
979898976546567987979767894349879987643456789789987543012345696545698742379976563466789998989598987899
954969876432358976569878943249968898754567898679298654563459789433497521467898664577899999292349998939
943456954321245695478989892098756798765689976578139876784569894321986432567899876678999899101267989129
964567896430976976679696792139867899876895985431012998995689965433987644698999997889998768994379878939
977679987649898998789545989299878912987953499592123499986995697564598956789789998999987656989489767899
989989398759789999895439878989989929998942398989235989797894598679689987995679879997659845679598659909
997693239898659899954324967878999897999301997968999878698943249898998798999798768987543236789997548919
976532123997547799965319856567998776793219876456789754569654557987998649998999857895432109899889667899
988743099876536567896997645456899545789399984378999863458965969876789729897689948987644398998778998919
999864987673212478999876534345998434679989921237899979567899898765678997679579899597659987656567899109
965989876532103459298764321259876565678977890356799898988999769954599989513456793498798765432348989239
953299986543284569139985210167987678789765789977998787899998959765999875301234892199899989321235678999
969109898659876678998765432235698999898954567899129656899987546986799876212389999989949875432345899989
998998789978988989459879563346899913987743469998997546789875435499899865323578988978921986563576789479
957987698989999593213989674567898899876532349876789437899954321257989987545889876467890987654587894359
939876567999865432101798789979956798765431298765679656998643210134579998856789965358991998767689976239
998865456789996543224579895989335987654310989654598997897655321345678929769899873239889899978797897949
987654345679987684735789923492123999795329876532176789998986432467899219878967954399765789989976789899
998763234589998987646798744593239899987549876321045696329876543568964398989459876987654898999895398789
999884345678999999897897655989949789998756985443236895410987654679895976591398989876543467898789101679
998765758789998889998998779876897678919869876987656789321298765797689875432987694998742346799678923459
959876899999987679999109989765987569901978987898798895432349876789578976543697543987656456988567897569
943987945999876567899999998964326467892989899909899976543457989993489989764569632198798968976456798779
932398959898765434989877987543214345679998764212995987669878996212989999865698763239899999821238999989
963459998769874325679756498654101245678999965429984399878989995424567899989987654568999987652367894399
954568998656976437789542349875212346799888899598867243989999976639689978991299765689998998743456893219
966678976549876545678921234984353458987677678987654102798999897898994667892987997899987769654567974529
979799997435987757999542949995454569986566569998743214567898789987912456799895789998865659789678965439
989998989956798969879689898998765698765353457899754323578998698765893878898754657897654349898789999649
999887579897899978968998767899978798543212367899975494567987569824689989987532348989543264999891988959
998765456789921989757987656799989976532101479999896989678987432101789597699421024578932123899910967969
929976267899990194245976545689392987643212568999789879989876543213895434579432129678943456789929856899
914597398998989290136987423790291098854543459987656768999987654344998721298745678989655669899898645789
902965479987678989247976534891989999969654567896532357899998765955789532987656789998997898998769434569
929876567892485678956798545799876899998767879954321235678999879899898754598767899897898986798754323459
934987798931234689767897656789665788999898989543210123456789989798999765699878998766789875987653201569
949998899545645678978998978896564667899999797654321257678892198567899898789999985345678954598764313459
998769987957786789989999989965423456789998659865442345799954397679987999899989965456989543469975326669
989653456968897891299893299864212348999997543976556556789765469789456799999869896767898762345987545989
978442367899949989987789397654101256799896532987867698899996569892345678999758799898939863567987687899
954321256795534569865677998773212367989797901298978789999989879931234589987645679939129954678999898999
965940346894323499874345679864323478978579892459989899888779998990123678996534678921998768789014989679
976891256789444989754127989876854989865466799567898998764569976889754579987623459939879899898923977569
987942347896569876543236899998865798732345678978967979843498765678965698743212356899764921987899765469
998953459987678998754545689239876897643566789989659865432129876789876987652101234986543210135678943249
999999999999999999999999999999999999999999999999999999999999999999999999999999999999999999999999999999
